A
25 1000 3000
30 200 2000
35 300 1800
40 1000 6000
35 300 1800
60 10 40
50 2 12
30 3 3
0 0 0
0 0 0
0 0 0
0 0 0
B
50 1000 6000
25 1000 3000
25 100 1000
25 200 2000
25 100 1000
30 1 8
20 1 4
0 0 0
0 0 0
0 0 0
10 1 1
0 0 0
C
20 1000 10000
30 1000 6000
10 100 600
0 0 0
10 100 600
25 1 6
20 1 3
10 2 2
0 0 0
0 0 0
0 0 0
0 0 0
D
10 1000 6000
15 1000 10000
15 100 600
50 1000 3000
15 100 600
30 1 10
25 1 6
15 2 2
15 1 1
0 0 0
0 0 0
0 0 0
E
5 1000 6000
25 1000 10000
25 300 1800
25 1000 4000
25 300 1800
15 1 12
10 1 6
25 3 3
0 0 0
25 1 1
0 0 0
0 0 0
F
0 0 0
10 3000 18000
15 1000 4000
40 1000 6000
15 1000 4000
20 2 20
10 1 8
0 0 0
0 0 0
0 0 0
0 0 0
30 5 5
G
0 0 0
0 0 0
50 1000 10000
50 2000 20000
50 1000 10000
30 3 18
25 1 6
35 5 5
0 0 0
0 0 0
0 0 0
0 0 0
H
25 3000 18000
40 2000 20000
40 1000 8000
55 2000 20000
40 1000 8000
50 3 30
50 2 20
15 6 6
0 0 0
0 0 0
0 0 0
0 0 0
I
0 0 0
0 0 0
30 100 600
0 0 0
30 100 600
55 2 12
50 2 8
15 1 1
0 0 0
0 0 0
0 0 0
0 0 0
J
100 3 24
0 0 0
0 0 0
0 0 0
0 0 0
0 0 0
0 0 0
0 0 0
0 0 0
0 0 0
0 0 0
0 0 0
K
0 0 0
100 3 18
0 0 0
0 0 0
0 0 0
0 0 0
0 0 0
0 0 0
0 0 0
0 0 0
0 0 0
0 0 0
L
0 0 0
0 0 0
100 2 12
0 0 0
100 2 12
0 0 0
0 0 0
0 0 0
0 0 0
0 0 0
0 0 0
0 0 0
M
0 0 0
0 0 0
0 0 0
100 2 8
0 0 0
0 0 0
0 0 0
0 0 0
0 0 0
0 0 0
0 0 0
0 0 0
N
0 0 0
0 0 0
100 1 6
0 0 0
100 1 6
0 0 0
0 0 0
0 0 0
0 0 0
0 0 0
0 0 0
0 0 0
O
100 10 40
100 10 30
0 0 0
0 0 0
0 0 0
0 0 0
0 0 0
0 0 0
0 0 0
0 0 0
0 0 0
0 0 0
P
0 0 0
100 10 60
100 1 20
0 0 0
100 1 20
0 0 0
0 0 0
0 0 0
0 0 0
0 0 0
0 0 0
0 0 0
Q
0 0 0
0 0 0
0 0 0
0 0 0
0 0 0
100 1 4
0 0 0
0 0 0
0 0 0
0 0 0
0 0 0
0 0 0
R
0 0 0
0 0 0
100 10 60
100 2 20
100 10 60
100 2 8
100 1 3
0 0 0
0 0 0
0 0 0
0 0 0
0 0 0
S
0 0 0
0 0 0
0 0 0
0 0 0
0 0 0
0 0 0
0 0 0
0 0 0
100 1 8
0 0 0
0 0 0
0 0 0
T
0 0 0
0 0 0
0 0 0
0 0 0
0 0 0
0 0 0
0 0 0
0 0 0
0 0 0
100 1 4
0 0 0
0 0 0
U
0 0 0
0 0 0
0 0 0
0 0 0
0 0 0
90 2 16
80 1 6
70 1 1
0 0 0
0 0 0
0 0 0
0 0 0
V
0 0 0
0 0 0
0 0 0
0 0 0
0 0 0
0 0 0
0 0 0
100 2 2
0 0 0
0 0 0
0 0 0
0 0 0
W
0 0 0
0 0 0
100 1 8
100 5 30
100 1 8
60 2 16
50 1 8
60 2 2
0 0 0
0 0 0
0 0 0
0 0 0
X
0 0 0
0 0 0
0 0 0
0 0 0
0 0 0
0 0 0
0 0 0
0 0 0
100 2 2
0 0 0
0 0 0
0 0 0
Y
0 0 0
0 0 0
0 0 0
100 200 1200
0 0 0
0 0 0
0 0 0
0 0 0
0 0 0
0 0 0
0 0 0
0 0 0
Z
100 100 300
100 100 400
100 100 400
100 100 600
100 100 400
55 1 6
50 2 12
50 3 3
0 0 0
0 0 0
0 0 0
0 0 0
